1	3.4484	0	3.4484
2	3.41098	0	3.41098
3	3.34851	0	3.34851
4	3.2609	0	3.2609
5	3.1483	0	3.1483
6	3.01129	0	3.01129
7	2.85121	0	2.85121
8	2.67052	0	2.67052
9	2.47316	0	2.47316
10	2.26481	0	2.26481
11	2.05297	0	2.05297
12	1.84662	0	1.84662
13	1.65557	0	1.65557
14	1.48928	0	1.48928
15	1.35559	0	1.35559
16	1.25961	0	1.25961
17	1.20297	0	1.20297
18	1.1839	0	1.1839
19	1.19772	0	1.19772
20	1.23786	0	1.23786
21	1.29683	0	1.29683
22	1.36718	0	1.36718
23	1.44216	0	1.44216
24	1.51607	0	1.51607
25	1.58451	0	1.58451
26	1.64437	0	1.64437
27	1.6937	0	1.6937
28	1.73161	0	1.73161
29	1.75805	0	1.75805
30	1.77366	0	1.77366
31	1.77958	0	1.77958
32	1.7773	0	1.7773
33	1.76853	0	1.76853
34	1.75508	0	1.75508
35	1.73875	0	1.73875
36	1.72127	0	1.72127
37	1.7042	0	1.7042
38	1.68884	0	1.68884
39	1.6762	0	1.6762
40	1.66695	0	1.66695
41	1.6614	0	1.6614
42	1.65951	0	1.65951
43	1.66098	0	1.66098
44	1.66534	0	1.66534
45	1.67209	0	1.67209
46	1.68082	0	1.68082
47	1.69124	0	1.69124
48	1.70322	0	1.70322
49	1.71667	0	1.71667
50	1.73145	0	1.73145
51	1.74725	0	1.74725
52	1.76351	0	1.76351
53	1.77936	0	1.77936
54	1.79372	0	1.79372
55	1.80541	0	1.80541
56	1.81331	0	1.81331
57	1.81657	0	1.81657
58	1.81474	0	1.81474
59	1.80781	0	1.80781
60	1.79625	0	1.79625
61	1.78088	0	1.78088
62	1.76284	0	1.76284
63	1.74337	0	1.74337
64	1.72372	0	1.72372
65	1.70507	0	1.70507
66	1.68841	0	1.68841
67	1.67458	0	1.67458
68	1.66422	0	1.66422
69	1.6578	0	1.6578
70	1.65565	0	1.65565
71	1.65787	0	1.65787
72	1.66434	0	1.66434
73	1.67472	0	1.67472
74	1.68839	0	1.68839
75	1.70456	0	1.70456
76	1.7223	0	1.7223
77	1.74058	0	1.74058
78	1.75843	0	1.75843
79	1.77494	0	1.77494
80	1.7894	0	1.7894
81	1.80137	0	1.80137
82	1.81068	0	1.81068
83	1.81743	0	1.81743
84	1.82192	0	1.82192
85	1.82459	0	1.82459
86	1.8259	0	1.8259
87	1.82635	0	1.82635
88	1.82643	0	1.82643
89	1.8267	0	1.8267
90	1.82773	0	1.82773
91	1.83007	0	1.83007
92	1.83418	0	1.83418
93	1.84033	0	1.84033
94	1.84852	0	1.84852
95	1.85846	0	1.85846
96	1.86969	0	1.86969
97	1.88154	0	1.88154
98	1.89327	0	1.89327
99	1.90404	0	1.90404
100	1.91297	0	1.91297
101	1.91923	0	1.91923
102	1.92211	0	1.92211
103	1.9212	0	1.9212
104	1.91639	0	1.91639
105	1.908	0	1.908
106	1.89667	0	1.89667
107	1.88337	0	1.88337
108	1.86923	0	1.86923
109	1.85547	0	1.85547
110	1.84321	0	1.84321
111	1.83329	0	1.83329
112	1.82612	0	1.82612
113	1.82155	0	1.82155
114	1.81887	0	1.81887
115	1.81698	0	1.81698
116	1.81463	0	1.81463
117	1.81069	0	1.81069
118	1.80437	0	1.80437
119	1.7953	0	1.7953
120	1.78354	0	1.78354
121	1.7695	0	1.7695
122	1.75387	0	1.75387
123	1.73746	0	1.73746
124	1.72115	0	1.72115
125	1.70581	0	1.70581
126	1.6922	0	1.6922
127	1.68098	0	1.68098
128	1.67266	0	1.67266
129	1.66757	0	1.66757
130	1.66586	0	1.66586
131	1.66752	0	1.66752
132	1.67238	0	1.67238
133	1.68014	0	1.68014
134	1.69044	0	1.69044
135	1.70282	0	1.70282
136	1.7168	0	1.7168
137	1.73179	0	1.73179
138	1.74711	0	1.74711
139	1.76203	0	1.76203
140	1.77578	0	1.77578
141	1.78764	0	1.78764
142	1.79703	0	1.79703
143	1.80359	0	1.80359
144	1.80727	0	1.80727
145	1.80834	0	1.80834
146	1.80739	0	1.80739
147	1.80524	0	1.80524
148	1.80284	0	1.80284
149	1.80103	0	1.80103
150	1.80046	0	1.80046
151	1.80141	0	1.80141
152	1.80387	0	1.80387
153	1.8075	0	1.8075
154	1.81184	0	1.81184
155	1.81639	0	1.81639
156	1.82072	0	1.82072
157	1.82449	0	1.82449
158	1.82744	0	1.82744
159	1.82937	0	1.82937
160	1.83013	0	1.83013
161	1.82959	0	1.82959
162	1.82767	0	1.82767
163	1.82438	0	1.82438
164	1.81978	0	1.81978
165	1.81408	0	1.81408
166	1.80758	0	1.80758
167	1.80069	0	1.80069
168	1.79388	0	1.79388
169	1.78768	0	1.78768
170	1.78258	0	1.78258
171	1.779	0	1.779
172	1.77726	0	1.77726
173	1.77756	0	1.77756
174	1.77995	0	1.77995
175	1.78434	0	1.78434
176	1.79054	0	1.79054
177	1.79825	0	1.79825
178	1.80711	0	1.80711
179	1.81667	0	1.81667
180	1.8264	0	1.8264
181	1.83567	0	1.83567
182	1.84373	0	1.84373
183	1.84982	0	1.84982
184	1.85322	0	1.85322
185	1.85335	0	1.85335
186	1.8499	0	1.8499
187	1.84289	0	1.84289
188	1.83267	0	1.83267
189	1.81998	0	1.81998
190	1.80592	0	1.80592
191	1.7918	0	1.7918
192	1.77906	0	1.77906
193	1.76902	0	1.76902
194	1.76267	0	1.76267
195	1.76054	0	1.76054
196	1.76262	0	1.76262
197	1.76854	0	1.76854
198	1.77763	0	1.77763
199	1.78913	0	1.78913
200	1.80223	0	1.80223
201	1.81611	0	1.81611
202	1.82998	0	1.82998
203	1.84307	0	1.84307
204	1.8547	0	1.8547
205	1.86434	0	1.86434
206	1.87163	0	1.87163
207	1.87641	0	1.87641
208	1.87877	0	1.87877
209	1.87895	0	1.87895
210	1.87728	0	1.87728
211	1.87418	0	1.87418
212	1.86999	0	1.86999
213	1.86499	0	1.86499
214	1.85934	0	1.85934
215	1.8531	0	1.8531
216	1.84624	0	1.84624
217	1.83874	0	1.83874
218	1.83058	0	1.83058
219	1.82183	0	1.82183
220	1.81269	0	1.81269
221	1.80347	0	1.80347
222	1.79455	0	1.79455
223	1.78633	0	1.78633
224	1.77914	0	1.77914
225	1.77318	0	1.77318
226	1.76847	0	1.76847
227	1.76491	0	1.76491
228	1.76233	0	1.76233
229	1.76053	0	1.76053
230	1.75938	0	1.75938
231	1.75882	0	1.75882
232	1.75886	0	1.75886
233	1.7596	0	1.7596
234	1.76117	0	1.76117
235	1.76369	0	1.76369
236	1.76731	0	1.76731
237	1.7721	0	1.7721
238	1.77808	0	1.77808
239	1.78514	0	1.78514
240	1.79312	0	1.79312
241	1.80172	0	1.80172
242	1.81057	0	1.81057
243	1.81924	0	1.81924
244	1.82729	0	1.82729
245	1.83428	0	1.83428
246	1.8398	0	1.8398
247	1.84353	0	1.84353
248	1.84522	0	1.84522
249	1.84469	0	1.84469
250	1.84187	0	1.84187
251	1.83677	0	1.83677
252	1.82952	0	1.82952
253	1.82034	0	1.82034
254	1.80961	0	1.80961
255	1.79777	0	1.79777
256	1.78536	0	1.78536
257	1.77298	0	1.77298
258	1.76125	0	1.76125
259	1.75074	0	1.75074
260	1.74199	0	1.74199
261	1.73537	0	1.73537
262	1.73114	0	1.73114
263	1.72931	0	1.72931
264	1.7297	0	1.7297
265	1.73198	0	1.73198
266	1.73566	0	1.73566
267	1.74022	0	1.74022
268	1.74513	0	1.74513
269	1.74988	0	1.74988
270	1.75401	0	1.75401
271	1.75713	0	1.75713
272	1.75893	0	1.75893
273	1.75919	0	1.75919
274	1.7578	0	1.7578
275	1.75481	0	1.75481
276	1.75037	0	1.75037
277	1.74475	0	1.74475
278	1.73828	0	1.73828
279	1.73131	0	1.73131
280	1.72413	0	1.72413
281	1.71698	0	1.71698
282	1.71002	0	1.71002
283	1.70334	0	1.70334
284	1.697	0	1.697
285	1.69105	0	1.69105
286	1.68556	0	1.68556
287	1.68065	0	1.68065
288	1.6765	0	1.6765
289	1.67327	0	1.67327
290	1.67116	0	1.67116
291	1.67033	0	1.67033
292	1.67083	0	1.67083
293	1.67262	0	1.67262
294	1.67554	0	1.67554
295	1.67928	0	1.67928
296	1.68348	0	1.68348
297	1.68771	0	1.68771
298	1.69159	0	1.69159
299	1.6948	0	1.6948
300	1.69712	0	1.69712
301	1.69843	0	1.69843
302	1.69873	0	1.69873
303	1.6981	0	1.6981
304	1.69667	0	1.69667
305	1.6946	0	1.6946
306	1.69204	0	1.69204
307	1.68914	0	1.68914
308	1.686	0	1.686
309	1.68272	0	1.68272
310	1.67936	0	1.67936
311	1.67598	0	1.67598
312	1.67261	0	1.67261
313	1.6693	0	1.6693
314	1.66607	0	1.66607
315	1.66293	0	1.66293
316	1.65986	0	1.65986
317	1.65683	0	1.65683
318	1.65377	0	1.65377
319	1.65058	0	1.65058
320	1.64715	0	1.64715
321	1.64337	0	1.64337
322	1.63911	0	1.63911
323	1.63427	0	1.63427
324	1.62876	0	1.62876
325	1.62252	0	1.62252
326	1.61551	0	1.61551
327	1.60776	0	1.60776
328	1.59937	0	1.59937
329	1.59051	0	1.59051
330	1.58146	0	1.58146
331	1.57261	0	1.57261
332	1.5644	0	1.5644
333	1.55734	0	1.55734
334	1.5519	0	1.5519
335	1.54848	0	1.54848
336	1.5473	0	1.5473
337	1.54841	0	1.54841
338	1.55159	0	1.55159
339	1.5565	0	1.5565
340	1.56265	0	1.56265
341	1.56951	0	1.56951
342	1.57662	0	1.57662
343	1.58357	0	1.58357
344	1.59008	0	1.59008
345	1.59596	0	1.59596
346	1.60113	0	1.60113
347	1.60557	0	1.60557
348	1.6093	0	1.6093
349	1.61236	0	1.61236
350	1.61477	0	1.61477
351	1.61654	0	1.61654
352	1.61762	0	1.61762
353	1.61794	0	1.61794
354	1.61739	0	1.61739
355	1.61588	0	1.61588
356	1.61334	0	1.61334
357	1.60972	0	1.60972
358	1.60504	0	1.60504
359	1.59927	0	1.59927
360	1.59241	0	1.59241
361	1.5844	0	1.5844
362	1.5751	0	1.5751
363	1.56439	0	1.56439
364	1.55214	0	1.55214
365	1.53831	0	1.53831
366	1.52298	0	1.52298
367	1.50642	0	1.50642
368	1.48904	0	1.48904
369	1.47146	0	1.47146
370	1.45438	0	1.45438
371	1.4386	0	1.4386
372	1.42488	0	1.42488
373	1.41388	0	1.41388
374	1.4061	0	1.4061
375	1.4018	0	1.4018
376	1.401	0	1.401
377	1.4035	0	1.4035
378	1.40889	0	1.40889
379	1.41667	0	1.41667
380	1.42628	0	1.42628
381	1.43717	0	1.43717
382	1.44885	0	1.44885
383	1.46094	0	1.46094
384	1.4731	0	1.4731
385	1.48506	0	1.48506
386	1.49661	0	1.49661
387	1.50753	0	1.50753
388	1.5176	0	1.5176
389	1.5266	0	1.5266
390	1.53431	0	1.53431
391	1.54054	0	1.54054
392	1.54514	0	1.54514
393	1.54798	0	1.54798
394	1.54903	0	1.54903
395	1.5483	0	1.5483
396	1.54586	0	1.54586
397	1.54187	0	1.54187
398	1.53651	0	1.53651
399	1.53004	0	1.53004
400	1.52269	0	1.52269
401	1.51476	0	1.51476
402	1.50648	0	1.50648
403	1.49813	0	1.49813
404	1.48992	0	1.48992
405	1.48208	0	1.48208
406	1.47479	0	1.47479
407	1.4682	0	1.4682
408	1.46238	0	1.46238
409	1.45735	0	1.45735
410	1.45308	0	1.45308
411	1.44949	0	1.44949
412	1.44646	0	1.44646
413	1.44389	0	1.44389
414	1.44171	0	1.44171
415	1.43986	0	1.43986
416	1.43836	0	1.43836
417	1.43725	0	1.43725
418	1.43665	0	1.43665
419	1.43669	0	1.43669
420	1.4375	0	1.4375
421	1.43917	0	1.43917
422	1.44174	0	1.44174
423	1.44516	0	1.44516
424	1.44927	0	1.44927
425	1.45384	0	1.45384
426	1.45859	0	1.45859
427	1.46319	0	1.46319
428	1.46733	0	1.46733
429	1.47069	0	1.47069
430	1.473	0	1.473
431	1.47404	0	1.47404
432	1.47363	0	1.47363
433	1.47168	0	1.47168
434	1.46816	0	1.46816
435	1.46313	0	1.46313
436	1.45673	0	1.45673
437	1.44919	0	1.44919
438	1.44079	0	1.44079
439	1.43187	0	1.43187
440	1.42278	0	1.42278
441	1.41383	0	1.41383
442	1.40531	0	1.40531
443	1.39742	0	1.39742
444	1.39028	0	1.39028
445	1.38393	0	1.38393
446	1.37836	0	1.37836
447	1.37351	0	1.37351
448	1.36932	0	1.36932
449	1.36573	0	1.36573
450	1.36277	0	1.36277
451	1.3605	0	1.3605
452	1.35909	0	1.35909
453	1.35871	0	1.35871
454	1.35957	0	1.35957
455	1.36181	0	1.36181
456	1.3655	0	1.3655
457	1.37056	0	1.37056
458	1.37681	0	1.37681
459	1.38391	0	1.38391
460	1.39146	0	1.39146
461	1.39903	0	1.39903
462	1.40618	0	1.40618
463	1.41256	0	1.41256
464	1.41789	0	1.41789
465	1.42199	0	1.42199
466	1.42481	0	1.42481
467	1.4264	0	1.4264
468	1.42689	0	1.42689
469	1.42647	0	1.42647
470	1.42534	0	1.42534
471	1.4237	0	1.4237
472	1.42172	0	1.42172
473	1.41947	0	1.41947
474	1.41697	0	1.41697
475	1.41419	0	1.41419
476	1.41101	0	1.41101
477	1.4073	0	1.4073
478	1.40292	0	1.40292
479	1.39774	0	1.39774
480	1.39166	0	1.39166
481	1.38465	0	1.38465
482	1.37672	0	1.37672
483	1.36798	0	1.36798
484	1.35858	0	1.35858
485	1.34874	0	1.34874
486	1.33874	0	1.33874
487	1.32886	0	1.32886
488	1.31939	0	1.31939
489	1.31065	0	1.31065
490	1.3029	0	1.3029
491	1.29641	0	1.29641
492	1.2914	0	1.2914
493	1.28803	0	1.28803
494	1.2864	0	1.2864
495	1.28651	0	1.28651
496	1.28828	0	1.28828
497	1.29156	0	1.29156
498	1.29613	0	1.29613
499	1.3017	0	1.3017
500	1.30798	0	1.30798
501	1.31466	0	1.31466
502	1.32141	0	1.32141
503	1.3279	0	1.3279
504	1.33382	0	1.33382
505	1.3389	0	1.3389
506	1.34289	0	1.34289
507	1.34563	0	1.34563
508	1.34702	0	1.34702
509	1.34707	0	1.34707
510	1.34588	0	1.34588
511	1.34359	0	1.34359
512	1.3404	0	1.3404
513	1.33651	0	1.33651
514	1.33209	0	1.33209
515	1.32729	0	1.32729
516	1.3222	0	1.3222
517	1.3169	0	1.3169
518	1.31141	0	1.31141
519	1.30576	0	1.30576
520	1.29997	0	1.29997
521	1.29406	0	1.29406
522	1.28806	0	1.28806
523	1.28199	0	1.28199
524	1.27587	0	1.27587
525	1.26972	0	1.26972
526	1.26355	0	1.26355
527	1.25739	0	1.25739
528	1.25126	0	1.25126
529	1.24518	0	1.24518
530	1.23923	0	1.23923
531	1.2335	0	1.2335
532	1.22817	0	1.22817
533	1.22348	0	1.22348
534	1.21973	0	1.21973
535	1.21734	0	1.21734
536	1.21671	0	1.21671
537	1.21823	0	1.21823
538	1.22214	0	1.22214
539	1.22849	0	1.22849
540	1.23703	0	1.23703
541	1.24728	0	1.24728
542	1.25858	0	1.25858
543	1.27015	0	1.27015
544	1.28126	0	1.28126
545	1.29123	0	1.29123
546	1.29956	0	1.29956
547	1.30587	0	1.30587
548	1.30996	0	1.30996
549	1.31178	0	1.31178
550	1.31142	0	1.31142
551	1.3091	0	1.3091
552	1.30514	0	1.30514
553	1.29994	0	1.29994
554	1.29394	0	1.29394
555	1.28759	0	1.28759
556	1.28133	0	1.28133
557	1.27555	0	1.27555
558	1.27059	0	1.27059
559	1.26674	0	1.26674
560	1.26423	0	1.26423
561	1.26322	0	1.26322
562	1.26374	0	1.26374
563	1.26575	0	1.26575
564	1.26906	0	1.26906
565	1.27336	0	1.27336
566	1.27829	0	1.27829
567	1.28345	0	1.28345
568	1.28845	0	1.28845
569	1.29293	0	1.29293
570	1.29665	0	1.29665
571	1.29945	0	1.29945
572	1.30126	0	1.30126
573	1.30214	0	1.30214
574	1.30224	0	1.30224
575	1.30179	0	1.30179
576	1.30106	0	1.30106
577	1.30033	0	1.30033
578	1.29976	0	1.29976
579	1.29944	0	1.29944
580	1.29926	0	1.29926
581	1.29904	0	1.29904
582	1.29851	0	1.29851
583	1.2974	0	1.2974
584	1.29549	0	1.29549
585	1.29267	0	1.29267
586	1.28889	0	1.28889
587	1.28421	0	1.28421
588	1.27872	0	1.27872
589	1.27254	0	1.27254
590	1.26578	0	1.26578
591	1.25853	0	1.25853
592	1.25085	0	1.25085
593	1.24283	0	1.24283
594	1.23455	0	1.23455
595	1.22616	0	1.22616
596	1.21782	0	1.21782
597	1.20975	0	1.20975
598	1.20219	0	1.20219
599	1.19534	0	1.19534
600	1.18941	0	1.18941
601	1.18454	0	1.18454
602	1.18082	0	1.18082
603	1.17828	0	1.17828
604	1.17693	0	1.17693
605	1.17674	0	1.17674
606	1.17764	0	1.17764
607	1.17952	0	1.17952
608	1.18221	0	1.18221
609	1.18549	0	1.18549
610	1.18913	0	1.18913
611	1.19287	0	1.19287
612	1.19653	0	1.19653
613	1.20001	0	1.20001
614	1.20329	0	1.20329
615	1.20643	0	1.20643
616	1.20958	0	1.20958
617	1.2129	0	1.2129
618	1.21661	0	1.21661
619	1.22088	0	1.22088
620	1.22587	0	1.22587
621	1.23169	0	1.23169
622	1.23835	0	1.23835
623	1.24577	0	1.24577
624	1.25377	0	1.25377
625	1.26207	0	1.26207
626	1.27033	0	1.27033
627	1.27819	0	1.27819
628	1.28527	0	1.28527
629	1.29124	0	1.29124
630	1.29582	0	1.29582
631	1.29879	0	1.29879
632	1.29999	0	1.29999
633	1.2994	0	1.2994
634	1.29708	0	1.29708
635	1.29322	0	1.29322
636	1.28816	0	1.28816
637	1.28235	0	1.28235
638	1.27631	0	1.27631
639	1.27063	0	1.27063
640	1.26583	0	1.26583
641	1.26227	0	1.26227
642	1.26011	0	1.26011
643	1.25925	0	1.25925
644	1.25942	0	1.25942
645	1.26023	0	1.26023
646	1.2613	0	1.2613
647	1.26235	0	1.26235
648	1.26321	0	1.26321
649	1.26386	0	1.26386
650	1.26436	0	1.26436
651	1.26481	0	1.26481
652	1.26535	0	1.26535
653	1.26606	0	1.26606
654	1.26699	0	1.26699
655	1.26813	0	1.26813
656	1.2694	0	1.2694
657	1.2707	0	1.2707
658	1.27187	0	1.27187
659	1.27276	0	1.27276
660	1.27323	0	1.27323
661	1.27314	0	1.27314
662	1.27241	0	1.27241
663	1.27097	0	1.27097
664	1.26881	0	1.26881
665	1.26596	0	1.26596
666	1.26252	0	1.26252
667	1.25865	0	1.25865
668	1.2546	0	1.2546
669	1.25067	0	1.25067
670	1.24722	0	1.24722
671	1.24467	0	1.24467
672	1.2434	0	1.2434
673	1.24377	0	1.24377
674	1.24599	0	1.24599
675	1.25012	0	1.25012
676	1.256	0	1.256
677	1.26325	0	1.26325
678	1.27132	0	1.27132
679	1.2795	0	1.2795
680	1.28708	0	1.28708
681	1.29336	0	1.29336
682	1.29775	0	1.29775
683	1.29983	0	1.29983
684	1.29935	0	1.29935
685	1.29625	0	1.29625
686	1.29065	0	1.29065
687	1.2828	0	1.2828
688	1.27306	0	1.27306
689	1.26192	0	1.26192
690	1.24989	0	1.24989
691	1.23752	0	1.23752
692	1.22531	0	1.22531
693	1.21374	0	1.21374
694	1.20319	0	1.20319
695	1.19396	0	1.19396
696	1.18623	0	1.18623
697	1.18014	0	1.18014
698	1.17575	0	1.17575
699	1.17308	0	1.17308
700	1.17214	0	1.17214
701	1.17289	0	1.17289
702	1.17526	0	1.17526
703	1.17908	0	1.17908
704	1.18414	0	1.18414
705	1.19016	0	1.19016
706	1.19685	0	1.19685
707	1.20392	0	1.20392
708	1.21111	0	1.21111
709	1.21821	0	1.21821
710	1.22505	0	1.22505
711	1.2315	0	1.2315
712	1.23742	0	1.23742
713	1.24272	0	1.24272
714	1.24729	0	1.24729
715	1.25103	0	1.25103
716	1.2539	0	1.2539
717	1.25588	0	1.25588
718	1.25704	0	1.25704
719	1.25746	0	1.25746
720	1.25731	0	1.25731
721	1.25677	0	1.25677
722	1.25606	0	1.25606
723	1.25537	0	1.25537
724	1.25486	0	1.25486
725	1.25464	0	1.25464
726	1.25475	0	1.25475
727	1.25517	0	1.25517
728	1.25582	0	1.25582
729	1.25655	0	1.25655
730	1.25725	0	1.25725
731	1.25777	0	1.25777
732	1.25805	0	1.25805
733	1.25804	0	1.25804
734	1.25778	0	1.25778
735	1.25734	0	1.25734
736	1.25684	0	1.25684
737	1.25639	0	1.25639
738	1.25613	0	1.25613
739	1.25618	0	1.25618
740	1.25664	0	1.25664
741	1.25762	0	1.25762
742	1.25919	0	1.25919
743	1.26142	0	1.26142
744	1.2643	0	1.2643
745	1.2678	0	1.2678
746	1.27182	0	1.27182
747	1.27618	0	1.27618
748	1.28069	0	1.28069
749	1.28513	0	1.28513
750	1.28923	0	1.28923
751	1.29278	0	1.29278
752	1.29555	0	1.29555
753	1.29736	0	1.29736
754	1.29811	0	1.29811
755	1.29772	0	1.29772
756	1.29623	0	1.29623
757	1.29373	0	1.29373
758	1.29036	0	1.29036
759	1.28633	0	1.28633
760	1.28183	0	1.28183
761	1.27706	0	1.27706
762	1.2722	0	1.2722
763	1.26741	0	1.26741
764	1.2628	0	1.2628
765	1.25847	0	1.25847
766	1.25449	0	1.25449
767	1.25089	0	1.25089
768	1.24767	0	1.24767
769	1.24481	0	1.24481
770	1.24231	0	1.24231
771	1.24016	0	1.24016
772	1.23837	0	1.23837
773	1.23698	0	1.23698
774	1.23604	0	1.23604
775	1.2356	0	1.2356
776	1.23567	0	1.23567
777	1.23622	0	1.23622
778	1.23716	0	1.23716
779	1.23833	0	1.23833
780	1.23961	0	1.23961
781	1.24086	0	1.24086
782	1.24203	0	1.24203
783	1.24318	0	1.24318
784	1.24441	0	1.24441
785	1.2459	0	1.2459
786	1.24785	0	1.24785
787	1.25039	0	1.25039
788	1.25363	0	1.25363
789	1.25756	0	1.25756
790	1.26212	0	1.26212
791	1.26718	0	1.26718
792	1.27259	0	1.27259
793	1.27818	0	1.27818
794	1.28382	0	1.28382
795	1.28936	0	1.28936
796	1.2947	0	1.2947
797	1.29974	0	1.29974
798	1.3044	0	1.3044
799	1.30858	0	1.30858
800	1.31219	0	1.31219
801	1.3151	0	1.3151
802	1.3172	0	1.3172
803	1.31836	0	1.31836
804	1.31846	0	1.31846
805	1.31741	0	1.31741
806	1.3152	0	1.3152
807	1.31185	0	1.31185
808	1.30748	0	1.30748
809	1.30226	0	1.30226
810	1.29644	0	1.29644
811	1.2903	0	1.2903
812	1.2841	0	1.2841
813	1.27809	0	1.27809
814	1.27245	0	1.27245
815	1.26728	0	1.26728
816	1.26259	0	1.26259
817	1.25834	0	1.25834
818	1.25442	0	1.25442
819	1.25075	0	1.25075
820	1.24727	0	1.24727
821	1.24398	0	1.24398
822	1.24097	0	1.24097
823	1.2384	0	1.2384
824	1.23648	0	1.23648
825	1.23547	0	1.23547
826	1.23563	0	1.23563
827	1.23717	0	1.23717
828	1.24026	0	1.24026
829	1.24498	0	1.24498
830	1.25132	0	1.25132
831	1.2592	0	1.2592
832	1.26842	0	1.26842
833	1.27867	0	1.27867
834	1.28955	0	1.28955
835	1.30055	0	1.30055
836	1.31116	0	1.31116
837	1.32091	0	1.32091
838	1.32942	0	1.32942
839	1.33643	0	1.33643
840	1.34183	0	1.34183
841	1.34562	0	1.34562
842	1.34789	0	1.34789
843	1.3488	0	1.3488
844	1.34852	0	1.34852
845	1.34722	0	1.34722
846	1.34504	0	1.34504
847	1.34209	0	1.34209
848	1.33842	0	1.33842
849	1.33406	0	1.33406
850	1.32897	0	1.32897
851	1.32313	0	1.32313
852	1.31653	0	1.31653
853	1.3092	0	1.3092
854	1.30121	0	1.30121
855	1.2927	0	1.2927
856	1.28383	0	1.28383
857	1.27479	0	1.27479
858	1.26576	0	1.26576
859	1.2569	0	1.2569
860	1.24836	0	1.24836
861	1.24023	0	1.24023
862	1.23263	0	1.23263
863	1.22569	0	1.22569
864	1.21955	0	1.21955
865	1.21436	0	1.21436
866	1.21033	0	1.21033
867	1.20764	0	1.20764
868	1.20643	0	1.20643
869	1.20682	0	1.20682
870	1.20881	0	1.20881
871	1.21234	0	1.21234
872	1.21726	0	1.21726
873	1.22336	0	1.22336
874	1.23039	0	1.23039
875	1.23808	0	1.23808
876	1.24619	0	1.24619
877	1.25446	0	1.25446
878	1.26269	0	1.26269
879	1.27065	0	1.27065
880	1.27816	0	1.27816
881	1.28507	0	1.28507
882	1.29126	0	1.29126
883	1.29666	0	1.29666
884	1.30129	0	1.30129
885	1.30523	0	1.30523
886	1.30859	0	1.30859
887	1.31154	0	1.31154
888	1.31423	0	1.31423
889	1.31682	0	1.31682
890	1.31944	0	1.31944
891	1.32217	0	1.32217
892	1.32502	0	1.32502
893	1.32794	0	1.32794
894	1.3308	0	1.3308
895	1.3334	0	1.3334
896	1.33544	0	1.33544
897	1.33662	0	1.33662
898	1.33659	0	1.33659
899	1.33508	0	1.33508
900	1.33187	0	1.33187
901	1.32688	0	1.32688
902	1.32014	0	1.32014
903	1.31182	0	1.31182
904	1.30223	0	1.30223
905	1.29177	0	1.29177
906	1.28093	0	1.28093
907	1.27024	0	1.27024
908	1.26024	0	1.26024
909	1.25143	0	1.25143
910	1.24425	0	1.24425
911	1.23904	0	1.23904
912	1.23605	0	1.23605
913	1.23539	0	1.23539
914	1.23707	0	1.23707
915	1.24101	0	1.24101
916	1.24702	0	1.24702
917	1.2548	0	1.2548
918	1.26401	0	1.26401
919	1.27421	0	1.27421
920	1.28492	0	1.28492
921	1.29565	0	1.29565
922	1.30591	0	1.30591
923	1.31526	0	1.31526
924	1.32331	0	1.32331
925	1.32978	0	1.32978
926	1.33449	0	1.33449
927	1.33738	0	1.33738
928	1.33849	0	1.33849
929	1.33796	0	1.33796
930	1.33605	0	1.33605
931	1.33305	0	1.33305
932	1.32932	0	1.32932
933	1.32522	0	1.32522
934	1.32109	0	1.32109
935	1.31723	0	1.31723
936	1.31381	0	1.31381
937	1.31091	0	1.31091
938	1.30853	0	1.30853
939	1.30658	0	1.30658
940	1.30494	0	1.30494
941	1.30352	0	1.30352
942	1.30226	0	1.30226
943	1.30115	0	1.30115
944	1.3003	0	1.3003
945	1.29987	0	1.29987
946	1.30008	0	1.30008
947	1.30116	0	1.30116
948	1.30331	0	1.30331
949	1.30659	0	1.30659
950	1.31092	0	1.31092
951	1.31602	0	1.31602
952	1.3215	0	1.3215
953	1.32687	0	1.32687
954	1.33164	0	1.33164
955	1.33539	0	1.33539
956	1.33777	0	1.33777
957	1.33859	0	1.33859
958	1.33777	0	1.33777
959	1.33538	0	1.33538
960	1.33158	0	1.33158
961	1.3266	0	1.3266
962	1.32075	0	1.32075
963	1.31433	0	1.31433
964	1.30769	0	1.30769
965	1.30116	0	1.30116
966	1.29508	0	1.29508
967	1.28982	0	1.28982
968	1.28572	0	1.28572
969	1.28301	0	1.28301
970	1.28175	0	1.28175
971	1.28173	0	1.28173
972	1.28251	0	1.28251
973	1.28353	0	1.28353
974	1.28425	0	1.28425
975	1.28427	0	1.28427
976	1.28343	0	1.28343
977	1.2818	0	1.2818
978	1.27963	0	1.27963
979	1.27733	0	1.27733
980	1.27533	0	1.27533
981	1.2741	0	1.2741
982	1.27403	0	1.27403
983	1.27537	0	1.27537
984	1.27827	0	1.27827
985	1.28269	0	1.28269
986	1.28845	0	1.28845
987	1.29523	0	1.29523
988	1.30263	0	1.30263
989	1.31018	0	1.31018
990	1.3174	0	1.3174
991	1.3238	0	1.3238
992	1.3289	0	1.3289
993	1.33228	0	1.33228
994	1.33359	0	1.33359
995	1.33257	0	1.33257
996	1.32909	0	1.32909
997	1.3232	0	1.3232
998	1.31517	0	1.31517
999	1.30545	0	1.30545
1000	1.29471	0	1.29471
1001	1.28372	0	1.28372
1002	1.27326	0	1.27326
1003	1.26405	0	1.26405
1004	1.25661	0	1.25661
1005	1.25125	0	1.25125
1006	1.24807	0	1.24807
1007	1.24697	0	1.24697
1008	1.24768	0	1.24768
1009	1.24988	0	1.24988
1010	1.25313	0	1.25313
1011	1.25704	0	1.25704
1012	1.26121	0	1.26121
1013	1.2653	0	1.2653
1014	1.26905	0	1.26905
1015	1.27231	0	1.27231
1016	1.27497	0	1.27497
1017	1.27701	0	1.27701
1018	1.27845	0	1.27845
1019	1.27932	0	1.27932
1020	1.2797	0	1.2797
1021	1.27965	0	1.27965
1022	1.27928	0	1.27928
1023	1.27874	0	1.27874
1024	1.27821	0	1.27821
1025	1.27794	0	1.27794
1026	1.27816	0	1.27816
1027	1.27909	0	1.27909
1028	1.28088	0	1.28088
1029	1.28354	0	1.28354
1030	1.28695	0	1.28695
1031	1.29085	0	1.29085
1032	1.29491	0	1.29491
1033	1.29874	0	1.29874
1034	1.302	0	1.302
1035	1.30444	0	1.30444
1036	1.30591	0	1.30591
1037	1.3064	0	1.3064
1038	1.306	0	1.306
1039	1.30487	0	1.30487
1040	1.30321	0	1.30321
1041	1.3012	0	1.3012
1042	1.29901	0	1.29901
1043	1.29677	0	1.29677
1044	1.29453	0	1.29453
1045	1.29233	0	1.29233
1046	1.2902	0	1.2902
1047	1.28817	0	1.28817
1048	1.28631	0	1.28631
1049	1.28475	0	1.28475
1050	1.28366	0	1.28366
1051	1.28325	0	1.28325
1052	1.28377	0	1.28377
1053	1.28541	0	1.28541
1054	1.28835	0	1.28835
1055	1.29264	0	1.29264
1056	1.29822	0	1.29822
1057	1.30491	0	1.30491
1058	1.31237	0	1.31237
1059	1.32015	0	1.32015
1060	1.32775	0	1.32775
1061	1.33467	0	1.33467
1062	1.34047	0	1.34047
1063	1.34479	0	1.34479
1064	1.34744	0	1.34744
1065	1.34832	0	1.34832
1066	1.34748	0	1.34748
1067	1.34505	0	1.34505
1068	1.34122	0	1.34122
1069	1.33623	0	1.33623
1070	1.33034	0	1.33034
1071	1.32384	0	1.32384
1072	1.31704	0	1.31704
1073	1.31029	0	1.31029
1074	1.30395	0	1.30395
1075	1.29836	0	1.29836
1076	1.29374	0	1.29374
1077	1.29022	0	1.29022
1078	1.28773	0	1.28773
1079	1.28606	0	1.28606
1080	1.28489	0	1.28489
1081	1.28389	0	1.28389
1082	1.28274	0	1.28274
1083	1.28122	0	1.28122
1084	1.27923	0	1.27923
1085	1.27679	0	1.27679
1086	1.27404	0	1.27404
1087	1.27121	0	1.27121
1088	1.26863	0	1.26863
1089	1.26664	0	1.26664
1090	1.26559	0	1.26559
1091	1.26579	0	1.26579
1092	1.26748	0	1.26748
1093	1.27078	0	1.27078
1094	1.27572	0	1.27572
1095	1.28216	0	1.28216
1096	1.28988	0	1.28988
1097	1.29852	0	1.29852
1098	1.30771	0	1.30771
1099	1.317	0	1.317
1100	1.32599	0	1.32599
1101	1.33429	0	1.33429
1102	1.34159	0	1.34159
1103	1.34764	0	1.34764
1104	1.35228	0	1.35228
1105	1.35543	0	1.35543
1106	1.3571	0	1.3571
1107	1.35735	0	1.35735
1108	1.35631	0	1.35631
1109	1.35415	0	1.35415
1110	1.35107	0	1.35107
1111	1.34729	0	1.34729
1112	1.34302	0	1.34302
1113	1.33847	0	1.33847
1114	1.33383	0	1.33383
1115	1.32929	0	1.32929
1116	1.32499	0	1.32499
1117	1.32107	0	1.32107
1118	1.3176	0	1.3176
1119	1.31462	0	1.31462
1120	1.31208	0	1.31208
1121	1.30986	0	1.30986
1122	1.30776	0	1.30776
1123	1.30553	0	1.30553
1124	1.30288	0	1.30288
1125	1.29958	0	1.29958
1126	1.29548	0	1.29548
1127	1.29057	0	1.29057
1128	1.28504	0	1.28504
1129	1.27924	0	1.27924
1130	1.27364	0	1.27364
1131	1.26876	0	1.26876
1132	1.26502	0	1.26502
1133	1.26273	0	1.26273
1134	1.26202	0	1.26202
1135	1.26287	0	1.26287
1136	1.26516	0	1.26516
1137	1.26874	0	1.26874
1138	1.2734	0	1.2734
1139	1.27897	0	1.27897
1140	1.28519	0	1.28519
1141	1.29181	0	1.29181
1142	1.29855	0	1.29855
1143	1.30511	0	1.30511
1144	1.31122	0	1.31122
1145	1.31669	0	1.31669
1146	1.32141	0	1.32141
1147	1.32537	0	1.32537
1148	1.32861	0	1.32861
1149	1.33122	0	1.33122
1150	1.33324	0	1.33324
1151	1.33469	0	1.33469
1152	1.33554	0	1.33554
1153	1.33569	0	1.33569
1154	1.33507	0	1.33507
1155	1.33359	0	1.33359
1156	1.33124	0	1.33124
1157	1.32803	0	1.32803
1158	1.32405	0	1.32405
1159	1.31939	0	1.31939
1160	1.31418	0	1.31418
1161	1.30853	0	1.30853
1162	1.30253	0	1.30253
1163	1.29633	0	1.29633
1164	1.29008	0	1.29008
1165	1.28407	0	1.28407
1166	1.27866	0	1.27866
1167	1.27431	0	1.27431
1168	1.2715	0	1.2715
1169	1.27063	0	1.27063
1170	1.27189	0	1.27189
1171	1.2752	0	1.2752
1172	1.28014	0	1.28014
1173	1.28604	0	1.28604
1174	1.29205	0	1.29205
1175	1.29727	0	1.29727
1176	1.30093	0	1.30093
1177	1.30245	0	1.30245
1178	1.3015	0	1.3015
1179	1.29802	0	1.29802
1180	1.29217	0	1.29217
1181	1.28435	0	1.28435
1182	1.27511	0	1.27511
1183	1.26509	0	1.26509
1184	1.25497	0	1.25497
1185	1.24546	0	1.24546
1186	1.23724	0	1.23724
1187	1.23098	0	1.23098
1188	1.22731	0	1.22731
1189	1.22683	0	1.22683
1190	1.22994	0	1.22994
1191	1.23673	0	1.23673
1192	1.24683	0	1.24683
1193	1.25944	0	1.25944
1194	1.27344	0	1.27344
1195	1.28771	0	1.28771
1196	1.30123	0	1.30123
1197	1.31331	0	1.31331
1198	1.32348	0	1.32348
1199	1.33157	0	1.33157
1200	1.33756	0	1.33756
1201	1.34158	0	1.34158
1202	1.34386	0	1.34386
1203	1.34469	0	1.34469
1204	1.34436	0	1.34436
1205	1.3432	0	1.3432
1206	1.34149	0	1.34149
1207	1.33953	0	1.33953
1208	1.33757	0	1.33757
1209	1.33588	0	1.33588
1210	1.33469	0	1.33469
1211	1.33422	0	1.33422
1212	1.33463	0	1.33463
1213	1.33598	0	1.33598
1214	1.33827	0	1.33827
1215	1.34136	0	1.34136
1216	1.34503	0	1.34503
1217	1.34896	0	1.34896
1218	1.3528	0	1.3528
1219	1.35619	0	1.35619
1220	1.35881	0	1.35881
1221	1.3604	0	1.3604
1222	1.36079	0	1.36079
1223	1.35995	0	1.35995
1224	1.35791	0	1.35791
1225	1.35483	0	1.35483
1226	1.35092	0	1.35092
1227	1.34647	0	1.34647
1228	1.34176	0	1.34176
1229	1.33707	0	1.33707
1230	1.33262	0	1.33262
1231	1.32859	0	1.32859
1232	1.32507	0	1.32507
1233	1.32208	0	1.32208
1234	1.3196	0	1.3196
1235	1.31756	0	1.31756
1236	1.31586	0	1.31586
1237	1.31445	0	1.31445
1238	1.31328	0	1.31328
1239	1.31233	0	1.31233
1240	1.31163	0	1.31163
1241	1.31122	0	1.31122
1242	1.31115	0	1.31115
1243	1.31143	0	1.31143
1244	1.31207	0	1.31207
1245	1.31304	0	1.31304
1246	1.3143	0	1.3143
1247	1.31579	0	1.31579
1248	1.31748	0	1.31748
1249	1.31933	0	1.31933
1250	1.32129	0	1.32129
1251	1.32333	0	1.32333
1252	1.3254	0	1.3254
1253	1.32743	0	1.32743
1254	1.32935	0	1.32935
1255	1.33107	0	1.33107
1256	1.33253	0	1.33253
1257	1.33366	0	1.33366
1258	1.33444	0	1.33444
1259	1.3349	0	1.3349
1260	1.33513	0	1.33513
1261	1.33523	0	1.33523
1262	1.33535	0	1.33535
1263	1.33557	0	1.33557
1264	1.33597	0	1.33597
1265	1.33652	0	1.33652
1266	1.33716	0	1.33716
1267	1.33776	0	1.33776
1268	1.33812	0	1.33812
1269	1.33802	0	1.33802
1270	1.33722	0	1.33722
1271	1.3355	0	1.3355
1272	1.33271	0	1.33271
1273	1.32877	0	1.32877
1274	1.32374	0	1.32374
1275	1.31779	0	1.31779
1276	1.31119	0	1.31119
1277	1.30428	0	1.30428
1278	1.29738	0	1.29738
1279	1.29082	0	1.29082
1280	1.28488	0	1.28488
1281	1.27979	0	1.27979
1282	1.27576	0	1.27576
1283	1.27294	0	1.27294
1284	1.27151	0	1.27151
1285	1.27159	0	1.27159
1286	1.27323	0	1.27323
1287	1.27642	0	1.27642
1288	1.281	0	1.281
1289	1.28669	0	1.28669
1290	1.29312	0	1.29312
1291	1.29988	0	1.29988
1292	1.30659	0	1.30659
1293	1.31294	0	1.31294
1294	1.31872	0	1.31872
1295	1.32378	0	1.32378
1296	1.32807	0	1.32807
1297	1.33154	0	1.33154
1298	1.33415	0	1.33415
1299	1.33587	0	1.33587
1300	1.33663	0	1.33663
1301	1.3364	0	1.3364
1302	1.33514	0	1.33514
1303	1.33286	0	1.33286
1304	1.32959	0	1.32959
1305	1.32544	0	1.32544
1306	1.32055	0	1.32055
1307	1.31513	0	1.31513
1308	1.30941	0	1.30941
1309	1.30362	0	1.30362
1310	1.29801	0	1.29801
1311	1.29274	0	1.29274
1312	1.28798	0	1.28798
1313	1.2838	0	1.2838
1314	1.28024	0	1.28024
1315	1.27733	0	1.27733
1316	1.27508	0	1.27508
1317	1.27356	0	1.27356
1318	1.27284	0	1.27284
1319	1.27305	0	1.27305
1320	1.27432	0	1.27432
1321	1.27675	0	1.27675
1322	1.28038	0	1.28038
1323	1.28513	0	1.28513
1324	1.29083	0	1.29083
1325	1.29718	0	1.29718
1326	1.30379	0	1.30379
1327	1.31026	0	1.31026
1328	1.31618	0	1.31618
1329	1.3212	0	1.3212
1330	1.3251	0	1.3251
1331	1.32776	0	1.32776
1332	1.32918	0	1.32918
1333	1.32948	0	1.32948
1334	1.32884	0	1.32884
1335	1.32745	0	1.32745
1336	1.32552	0	1.32552
1337	1.32325	0	1.32325
1338	1.32079	0	1.32079
1339	1.31832	0	1.31832
1340	1.316	0	1.316
1341	1.31405	0	1.31405
1342	1.31269	0	1.31269
1343	1.31212	0	1.31212
1344	1.31253	0	1.31253
1345	1.314	0	1.314
1346	1.31653	0	1.31653
1347	1.31995	0	1.31995
1348	1.32401	0	1.32401
1349	1.32832	0	1.32832
1350	1.33242	0	1.33242
1351	1.33582	0	1.33582
1352	1.33805	0	1.33805
1353	1.3387	0	1.3387
1354	1.33749	0	1.33749
1355	1.33429	0	1.33429
1356	1.32914	0	1.32914
1357	1.32228	0	1.32228
1358	1.31411	0	1.31411
1359	1.30517	0	1.30517
1360	1.29606	0	1.29606
1361	1.2874	0	1.2874
1362	1.27972	0	1.27972
1363	1.27342	0	1.27342
1364	1.26873	0	1.26873
1365	1.26569	0	1.26569
1366	1.26422	0	1.26422
1367	1.26415	0	1.26415
1368	1.26525	0	1.26525
1369	1.26726	0	1.26726
1370	1.26995	0	1.26995
1371	1.27308	0	1.27308
1372	1.2764	0	1.2764
1373	1.27967	0	1.27967
1374	1.28268	0	1.28268
1375	1.2852	0	1.2852
1376	1.2871	0	1.2871
1377	1.28829	0	1.28829
1378	1.28879	0	1.28879
1379	1.28873	0	1.28873
1380	1.28831	0	1.28831
1381	1.28778	0	1.28778
1382	1.28742	0	1.28742
1383	1.28747	0	1.28747
1384	1.28811	0	1.28811
1385	1.28942	0	1.28942
1386	1.29137	0	1.29137
1387	1.29385	0	1.29385
1388	1.29665	0	1.29665
1389	1.29948	0	1.29948
1390	1.30205	0	1.30205
1391	1.30411	0	1.30411
1392	1.30547	0	1.30547
1393	1.30605	0	1.30605
1394	1.30589	0	1.30589
1395	1.30513	0	1.30513
1396	1.30397	0	1.30397
1397	1.30262	0	1.30262
1398	1.30124	0	1.30124
1399	1.29995	0	1.29995
1400	1.29875	0	1.29875
1401	1.29759	0	1.29759
1402	1.29639	0	1.29639
1403	1.29504	0	1.29504
1404	1.29348	0	1.29348
1405	1.29172	0	1.29172
1406	1.28982	0	1.28982
1407	1.28793	0	1.28793
1408	1.28626	0	1.28626
1409	1.28503	0	1.28503
1410	1.28444	0	1.28444
1411	1.28465	0	1.28465
1412	1.28573	0	1.28573
1413	1.28768	0	1.28768
1414	1.29038	0	1.29038
1415	1.29369	0	1.29369
1416	1.29741	0	1.29741
1417	1.30134	0	1.30134
1418	1.30525	0	1.30525
1419	1.30898	0	1.30898
1420	1.31233	0	1.31233
1421	1.31519	0	1.31519
1422	1.31745	0	1.31745
1423	1.31913	0	1.31913
1424	1.32029	0	1.32029
1425	1.32112	0	1.32112
1426	1.32187	0	1.32187
1427	1.32283	0	1.32283
1428	1.3243	0	1.3243
1429	1.32651	0	1.32651
1430	1.3296	0	1.3296
1431	1.33356	0	1.33356
1432	1.33826	0	1.33826
1433	1.3435	0	1.3435
1434	1.349	0	1.349
1435	1.35448	0	1.35448
1436	1.35969	0	1.35969
1437	1.36443	0	1.36443
1438	1.36853	0	1.36853
1439	1.37188	0	1.37188
1440	1.37437	0	1.37437
1441	1.3759	0	1.3759
1442	1.37639	0	1.37639
1443	1.37574	0	1.37574
1444	1.37385	0	1.37385
1445	1.37067	0	1.37067
1446	1.36617	0	1.36617
1447	1.36043	0	1.36043
1448	1.35362	0	1.35362
1449	1.346	0	1.346
1450	1.33792	0	1.33792
1451	1.32979	0	1.32979
1452	1.322	0	1.322
1453	1.31493	0	1.31493
1454	1.30888	0	1.30888
1455	1.30408	0	1.30408
1456	1.3007	0	1.3007
1457	1.29883	0	1.29883
1458	1.2985	0	1.2985
1459	1.29965	0	1.29965
1460	1.30214	0	1.30214
1461	1.30573	0	1.30573
1462	1.31014	0	1.31014
1463	1.31508	0	1.31508
1464	1.32026	0	1.32026
1465	1.32546	0	1.32546
1466	1.33051	0	1.33051
1467	1.33534	0	1.33534
1468	1.3399	0	1.3399
1469	1.34422	0	1.34422
1470	1.34831	0	1.34831
1471	1.35225	0	1.35225
1472	1.35607	0	1.35607
1473	1.3598	0	1.3598
1474	1.36343	0	1.36343
1475	1.36692	0	1.36692
1476	1.37017	0	1.37017
1477	1.37305	0	1.37305
1478	1.37542	0	1.37542
1479	1.37717	0	1.37717
1480	1.37818	0	1.37818
1481	1.37841	0	1.37841
1482	1.37788	0	1.37788
1483	1.37665	0	1.37665
1484	1.37486	0	1.37486
1485	1.37263	0	1.37263
1486	1.37012	0	1.37012
1487	1.36745	0	1.36745
1488	1.36471	0	1.36471
1489	1.36194	0	1.36194
1490	1.35911	0	1.35911
1491	1.35621	0	1.35621
1492	1.3532	0	1.3532
1493	1.35005	0	1.35005
1494	1.34679	0	1.34679
1495	1.34346	0	1.34346
1496	1.34015	0	1.34015
1497	1.33696	0	1.33696
1498	1.334	0	1.334
1499	1.33139	0	1.33139
1500	1.32929	0	1.32929
1501	1.32785	0	1.32785
1502	1.32725	0	1.32725
1503	1.32768	0	1.32768
1504	1.3293	0	1.3293
1505	1.33219	0	1.33219
1506	1.33636	0	1.33636
1507	1.3417	0	1.3417
1508	1.34798	0	1.34798
1509	1.35493	0	1.35493
1510	1.36221	0	1.36221
1511	1.36949	0	1.36949
1512	1.37648	0	1.37648
1513	1.38296	0	1.38296
1514	1.38875	0	1.38875
1515	1.39374	0	1.39374
1516	1.39785	0	1.39785
1517	1.40101	0	1.40101
1518	1.40311	0	1.40311
1519	1.40406	0	1.40406
1520	1.40372	0	1.40372
1521	1.40196	0	1.40196
1522	1.39868	0	1.39868
1523	1.39386	0	1.39386
1524	1.38755	0	1.38755
1525	1.37989	0	1.37989
1526	1.3711	0	1.3711
1527	1.36148	0	1.36148
1528	1.35138	0	1.35138
1529	1.34119	0	1.34119
1530	1.33135	0	1.33135
1531	1.3223	0	1.3223
1532	1.31446	0	1.31446
1533	1.30817	0	1.30817
1534	1.30361	0	1.30361
1535	1.30084	0	1.30084
1536	1.29978	0	1.29978
1537	1.30025	0	1.30025
1538	1.30202	0	1.30202
1539	1.30484	0	1.30484
1540	1.30848	0	1.30848
1541	1.31274	0	1.31274
1542	1.31745	0	1.31745
1543	1.32242	0	1.32242
1544	1.32748	0	1.32748
1545	1.33248	0	1.33248
1546	1.33724	0	1.33724
1547	1.3416	0	1.3416
1548	1.34545	0	1.34545
1549	1.34871	0	1.34871
1550	1.35134	0	1.35134
1551	1.35336	0	1.35336
1552	1.35485	0	1.35485
1553	1.35587	0	1.35587
1554	1.35651	0	1.35651
1555	1.3568	0	1.3568
1556	1.35674	0	1.35674
1557	1.35628	0	1.35628
1558	1.3553	0	1.3553
1559	1.35368	0	1.35368
1560	1.35127	0	1.35127
1561	1.34796	0	1.34796
1562	1.34371	0	1.34371
1563	1.33854	0	1.33854
1564	1.33255	0	1.33255
1565	1.32592	0	1.32592
1566	1.31889	0	1.31889
1567	1.31171	0	1.31171
1568	1.30463	0	1.30463
1569	1.29791	0	1.29791
1570	1.29172	0	1.29172
1571	1.28623	0	1.28623
1572	1.28151	0	1.28151
1573	1.27764	0	1.27764
1574	1.27461	0	1.27461
1575	1.27244	0	1.27244
1576	1.27113	0	1.27113
1577	1.27068	0	1.27068
1578	1.27112	0	1.27112
1579	1.27249	0	1.27249
1580	1.2748	0	1.2748
1581	1.2781	0	1.2781
1582	1.28237	0	1.28237
1583	1.28759	0	1.28759
1584	1.29368	0	1.29368
1585	1.30057	0	1.30057
1586	1.30814	0	1.30814
1587	1.31629	0	1.31629
1588	1.32489	0	1.32489
1589	1.33382	0	1.33382
1590	1.34296	0	1.34296
1591	1.35215	0	1.35215
1592	1.3612	0	1.3612
1593	1.36988	0	1.36988
1594	1.37788	0	1.37788
1595	1.38486	0	1.38486
1596	1.39047	0	1.39047
1597	1.39437	0	1.39437
1598	1.39629	0	1.39629
1599	1.39607	0	1.39607
1600	1.39369	0	1.39369
1601	1.38929	0	1.38929
1602	1.38318	0	1.38318
1603	1.37574	0	1.37574
1604	1.36747	0	1.36747
1605	1.35882	0	1.35882
1606	1.35023	0	1.35023
1607	1.34202	0	1.34202
1608	1.3344	0	1.3344
1609	1.32748	0	1.32748
1610	1.32129	0	1.32129
1611	1.31582	0	1.31582
1612	1.31106	0	1.31106
1613	1.30698	0	1.30698
1614	1.30357	0	1.30357
1615	1.3008	0	1.3008
1616	1.2986	0	1.2986
1617	1.29694	0	1.29694
1618	1.29575	0	1.29575
1619	1.29503	0	1.29503
1620	1.29477	0	1.29477
1621	1.295	0	1.295
1622	1.29573	0	1.29573
1623	1.29698	0	1.29698
1624	1.29871	0	1.29871
1625	1.30085	0	1.30085
1626	1.30335	0	1.30335
1627	1.30612	0	1.30612
1628	1.3091	0	1.3091
1629	1.31224	0	1.31224
1630	1.31551	0	1.31551
1631	1.31882	0	1.31882
1632	1.32208	0	1.32208
1633	1.32513	0	1.32513
1634	1.32778	0	1.32778
1635	1.32982	0	1.32982
1636	1.33107	0	1.33107
1637	1.3314	0	1.3314
1638	1.3308	0	1.3308
1639	1.32938	0	1.32938
1640	1.32733	0	1.32733
1641	1.32498	0	1.32498
1642	1.32267	0	1.32267
1643	1.32076	0	1.32076
1644	1.31953	0	1.31953
1645	1.31922	0	1.31922
1646	1.31994	0	1.31994
1647	1.32171	0	1.32171
1648	1.32448	0	1.32448
1649	1.32815	0	1.32815
1650	1.33253	0	1.33253
1651	1.33743	0	1.33743
1652	1.34258	0	1.34258
1653	1.34768	0	1.34768
1654	1.35241	0	1.35241
1655	1.35645	0	1.35645
1656	1.35955	0	1.35955
1657	1.36155	0	1.36155
1658	1.36243	0	1.36243
1659	1.36229	0	1.36229
1660	1.36131	0	1.36131
1661	1.35973	0	1.35973
1662	1.3578	0	1.3578
1663	1.35574	0	1.35574
1664	1.3537	0	1.3537
1665	1.35173	0	1.35173
1666	1.3498	0	1.3498
1667	1.3478	0	1.3478
1668	1.34558	0	1.34558
1669	1.34294	0	1.34294
1670	1.33972	0	1.33972
1671	1.33583	0	1.33583
1672	1.33123	0	1.33123
1673	1.326	0	1.326
1674	1.32032	0	1.32032
1675	1.31444	0	1.31444
1676	1.30869	0	1.30869
1677	1.30341	0	1.30341
1678	1.29893	0	1.29893
1679	1.29552	0	1.29552
1680	1.2934	0	1.2934
1681	1.29269	0	1.29269
1682	1.29338	0	1.29338
1683	1.29539	0	1.29539
1684	1.29853	0	1.29853
1685	1.30258	0	1.30258
1686	1.30727	0	1.30727
1687	1.31238	0	1.31238
1688	1.31775	0	1.31775
1689	1.32327	0	1.32327
1690	1.32885	0	1.32885
1691	1.33445	0	1.33445
1692	1.34	0	1.34
1693	1.34541	0	1.34541
1694	1.35059	0	1.35059
1695	1.35542	0	1.35542
1696	1.35983	0	1.35983
1697	1.36377	0	1.36377
1698	1.36726	0	1.36726
1699	1.37032	0	1.37032
1700	1.37306	0	1.37306
1701	1.37555	0	1.37555
1702	1.3779	0	1.3779
1703	1.38015	0	1.38015
1704	1.38233	0	1.38233
1705	1.38441	0	1.38441
1706	1.38631	0	1.38631
1707	1.38794	0	1.38794
1708	1.3892	0	1.3892
1709	1.38996	0	1.38996
1710	1.39015	0	1.39015
1711	1.38972	0	1.38972
1712	1.38866	0	1.38866
1713	1.38706	0	1.38706
1714	1.38506	0	1.38506
1715	1.38291	0	1.38291
1716	1.38093	0	1.38093
1717	1.37953	0	1.37953
1718	1.37913	0	1.37913
1719	1.38013	0	1.38013
1720	1.38279	0	1.38279
1721	1.38724	0	1.38724
1722	1.39334	0	1.39334
1723	1.40076	0	1.40076
1724	1.409	0	1.409
1725	1.41743	0	1.41743
1726	1.42541	0	1.42541
1727	1.43235	0	1.43235
1728	1.43777	0	1.43777
1729	1.44131	0	1.44131
1730	1.44276	0	1.44276
1731	1.44204	0	1.44204
1732	1.43919	0	1.43919
1733	1.43432	0	1.43432
1734	1.42764	0	1.42764
1735	1.41938	0	1.41938
1736	1.40986	0	1.40986
1737	1.39937	0	1.39937
1738	1.38828	0	1.38828
1739	1.37695	0	1.37695
1740	1.36573	0	1.36573
1741	1.355	0	1.355
1742	1.34509	0	1.34509
1743	1.3363	0	1.3363
1744	1.3289	0	1.3289
1745	1.32308	0	1.32308
1746	1.31903	0	1.31903
1747	1.31684	0	1.31684
1748	1.31655	0	1.31655
1749	1.31807	0	1.31807
1750	1.32121	0	1.32121
1751	1.32563	0	1.32563
1752	1.33092	0	1.33092
1753	1.33663	0	1.33663
1754	1.34239	0	1.34239
1755	1.3479	0	1.3479
1756	1.353	0	1.353
1757	1.35764	0	1.35764
1758	1.36182	0	1.36182
1759	1.36558	0	1.36558
1760	1.36897	0	1.36897
1761	1.372	0	1.372
1762	1.37467	0	1.37467
1763	1.37698	0	1.37698
1764	1.37893	0	1.37893
1765	1.38056	0	1.38056
1766	1.38195	0	1.38195
1767	1.3832	0	1.3832
1768	1.38445	0	1.38445
1769	1.38583	0	1.38583
1770	1.38746	0	1.38746
1771	1.3894	0	1.3894
1772	1.39169	0	1.39169
1773	1.3943	0	1.3943
1774	1.39714	0	1.39714
1775	1.40011	0	1.40011
1776	1.40309	0	1.40309
1777	1.40595	0	1.40595
1778	1.40859	0	1.40859
1779	1.4109	0	1.4109
1780	1.41281	0	1.41281
1781	1.4142	0	1.4142
1782	1.41498	0	1.41498
1783	1.41501	0	1.41501
1784	1.41417	0	1.41417
1785	1.41231	0	1.41231
1786	1.40933	0	1.40933
1787	1.40516	0	1.40516
1788	1.39979	0	1.39979
1789	1.39326	0	1.39326
1790	1.38573	0	1.38573
1791	1.37738	0	1.37738
1792	1.36851	0	1.36851
1793	1.35944	0	1.35944
1794	1.35055	0	1.35055
1795	1.34225	0	1.34225
1796	1.3349	0	1.3349
1797	1.32889	0	1.32889
1798	1.3245	0	1.3245
1799	1.32195	0	1.32195
1800	1.32133	0	1.32133
1801	1.32262	0	1.32262
1802	1.32562	0	1.32562
1803	1.33	0	1.33
1804	1.33532	0	1.33532
1805	1.34104	0	1.34104
1806	1.34662	0	1.34662
1807	1.35157	0	1.35157
1808	1.35546	0	1.35546
1809	1.35804	0	1.35804
1810	1.35918	0	1.35918
1811	1.35889	0	1.35889
1812	1.35732	0	1.35732
1813	1.35476	0	1.35476
1814	1.3516	0	1.3516
1815	1.34835	0	1.34835
1816	1.34554	0	1.34554
1817	1.34373	0	1.34373
1818	1.34338	0	1.34338
1819	1.34477	0	1.34477
1820	1.34798	0	1.34798
1821	1.3528	0	1.3528
1822	1.35884	0	1.35884
1823	1.36558	0	1.36558
1824	1.37246	0	1.37246
1825	1.379	0	1.379
1826	1.3848	0	1.3848
1827	1.3896	0	1.3896
1828	1.39327	0	1.39327
1829	1.39576	0	1.39576
1830	1.39712	0	1.39712
1831	1.3974	0	1.3974
1832	1.39669	0	1.39669
1833	1.39508	0	1.39508
1834	1.39265	0	1.39265
1835	1.38946	0	1.38946
1836	1.38559	0	1.38559
1837	1.38111	0	1.38111
1838	1.37611	0	1.37611
1839	1.37066	0	1.37066
1840	1.36483	0	1.36483
1841	1.35867	0	1.35867
1842	1.35218	0	1.35218
1843	1.34539	0	1.34539
1844	1.33833	0	1.33833
1845	1.3311	0	1.3311
1846	1.32387	0	1.32387
1847	1.31688	0	1.31688
1848	1.31043	0	1.31043
1849	1.30484	0	1.30484
1850	1.30037	0	1.30037
1851	1.29722	0	1.29722
1852	1.29548	0	1.29548
1853	1.29513	0	1.29513
1854	1.29602	0	1.29602
1855	1.29789	0	1.29789
1856	1.30042	0	1.30042
1857	1.30325	0	1.30325
1858	1.30602	0	1.30602
1859	1.30845	0	1.30845
1860	1.31031	0	1.31031
1861	1.3115	0	1.3115
1862	1.31203	0	1.31203
1863	1.31201	0	1.31201
1864	1.31162	0	1.31162
1865	1.3111	0	1.3111
1866	1.31069	0	1.31069
1867	1.31058	0	1.31058
1868	1.31093	0	1.31093
1869	1.31179	0	1.31179
1870	1.31317	0	1.31317
1871	1.31498	0	1.31498
1872	1.31711	0	1.31711
1873	1.31941	0	1.31941
1874	1.32172	0	1.32172
1875	1.32389	0	1.32389
1876	1.32578	0	1.32578
1877	1.32728	0	1.32728
1878	1.32833	0	1.32833
1879	1.32888	0	1.32888
1880	1.32899	0	1.32899
1881	1.32873	0	1.32873
1882	1.32825	0	1.32825
1883	1.32777	0	1.32777
1884	1.3275	0	1.3275
1885	1.3277	0	1.3277
1886	1.32861	0	1.32861
1887	1.33041	0	1.33041
1888	1.33328	0	1.33328
1889	1.33731	0	1.33731
1890	1.34258	0	1.34258
1891	1.34907	0	1.34907
1892	1.35672	0	1.35672
1893	1.36544	0	1.36544
1894	1.37506	0	1.37506
1895	1.38538	0	1.38538
1896	1.39613	0	1.39613
1897	1.40703	0	1.40703
1898	1.41775	0	1.41775
1899	1.42795	0	1.42795
1900	1.43731	0	1.43731
1901	1.44554	0	1.44554
1902	1.45241	0	1.45241
1903	1.45781	0	1.45781
1904	1.46168	0	1.46168
1905	1.46404	0	1.46404
1906	1.46499	0	1.46499
1907	1.46461	0	1.46461
1908	1.46304	0	1.46304
1909	1.46044	0	1.46044
1910	1.45699	0	1.45699
1911	1.45289	0	1.45289
1912	1.44835	0	1.44835
1913	1.44354	0	1.44354
1914	1.4386	0	1.4386
1915	1.43356	0	1.43356
1916	1.4284	0	1.4284
1917	1.42306	0	1.42306
1918	1.41747	0	1.41747
1919	1.41157	0	1.41157
1920	1.40541	0	1.40541
1921	1.39909	0	1.39909
1922	1.39277	0	1.39277
1923	1.38667	0	1.38667
1924	1.38098	0	1.38098
1925	1.37592	0	1.37592
1926	1.37161	0	1.37161
1927	1.36815	0	1.36815
1928	1.36558	0	1.36558
1929	1.36389	0	1.36389
1930	1.36301	0	1.36301
1931	1.36286	0	1.36286
1932	1.3633	0	1.3633
1933	1.36417	0	1.36417
1934	1.36529	0	1.36529
1935	1.36647	0	1.36647
1936	1.36758	0	1.36758
1937	1.36851	0	1.36851
1938	1.36925	0	1.36925
1939	1.36987	0	1.36987
1940	1.37047	0	1.37047
1941	1.37125	0	1.37125
1942	1.37238	0	1.37238
1943	1.37401	0	1.37401
1944	1.37624	0	1.37624
1945	1.37904	0	1.37904
1946	1.38235	0	1.38235
1947	1.38597	0	1.38597
1948	1.38966	0	1.38966
1949	1.39313	0	1.39313
1950	1.39611	0	1.39611
1951	1.39835	0	1.39835
1952	1.39964	0	1.39964
1953	1.39989	0	1.39989
1954	1.39908	0	1.39908
1955	1.39727	0	1.39727
1956	1.39458	0	1.39458
1957	1.39117	0	1.39117
1958	1.38722	0	1.38722
1959	1.38286	0	1.38286
1960	1.37822	0	1.37822
1961	1.37338	0	1.37338
1962	1.36839	0	1.36839
1963	1.36332	0	1.36332
1964	1.35822	0	1.35822
1965	1.35319	0	1.35319
1966	1.34834	0	1.34834
1967	1.34384	0	1.34384
1968	1.33989	0	1.33989
1969	1.3367	0	1.3367
1970	1.33446	0	1.33446
1971	1.33336	0	1.33336
